,0,1,2,3,4,5,6,7,8,9,10,11,12,13,14,15,16,17,18,19,20,21,22,23,24,25,26,27,28,29,30,31,32,33,34,35,36,37,38,39,40,41,42,43,44,45,46,47,48,49,50,51,52,53,54,55,56,57,58,59,60,61,62,63,64,65,66,67,68,69,70,71,72,73,74,75,76,77,78,79,80,81,82,83,84,85,86,87,88,89
0,0.455045829781594,-0.08046804638163631,-0.017733195150633527,0.00969087272631755,0.0071729467212953615,0.028743262157633283,0.0,0.01372568420113313,0.0,0.0005398730387860175,0.0,0.0019425473845071431,-0.06918975685718792,-0.002072535005086491,0.001627311786232506,0.03435197005921294,0.10354172691640084,0.0,0.03742231728803587,0.00465911192816958,0.011503818461776975,-0.03435197005921294,0.009046199637606833,-0.007729459156992502,1.414539444600127,0.0,0.0,0.0014630101562426198,0.01756670157441678,-0.03797985883726565,0.0,-0.015213396791133737,0.0,-0.008974269927050091,0.0,0.0,0.04097722618985344,0.007173692343047235,0.0009143813476541501,-0.009165207922688308,-0.02289253645940442,0.0018287626953058533,-0.05689428488842328,-0.01849081175551013,-0.002115479383307423,-0.03248466886073507,0.0,-0.04018576165113404,-0.0264524227137374,0.022803881281120302,-0.03132592469831014,0.0,0.015213396791130552,-0.1377792106363134,0.05220432341977064,0.0,0.03398983166582314,-0.09916905532970177,-0.017343212940935143,-0.05701382829892646,-0.42069385972238105,0.0,0.0,-0.04097722618985344,0.0009429095530117854,0.021317370154353723,-0.0061479858002617006,-0.008939076329811942,0.00836314708522928,-0.006387235082290766,0.02598882297398367,0.03237605805627444,0.0,0.08477501923390868,0.0,0.06441616087560571,-0.004335803235232354,8.562287781413281e-16,0.09118007340233969,-0.0020827591615173316,0.09372950859789098,0.08456430067520276,-0.038610155306609086,0.009165207922688308,0.0,0.0,-0.06831031378876165,0.0,0.0,0.0
1,-0.08046804638163631,2.2178273646291524,-0.024036825216455688,0.015410114265563553,0.10279574960645897,0.2327171503266513,0.0,0.04638703172931949,0.0,0.004747582877683517,0.0,-0.07241762318033437,0.11202927111915342,-0.045275951908702594,0.03542081157717043,-0.06431737116537281,-0.17634664228452615,0.0,0.027822357300503416,0.0002248987608226891,0.42368573585557373,0.06431737116537281,-0.13718976770391725,-0.09236462722669891,-4.377260806636291,0.0,0.0,0.04338487937598295,-0.07499177022303981,-0.10225560105042109,0.0,-0.00561919335753303,0.0,-0.034641008586699176,0.0,0.0,-0.29978164743247204,0.1568496374704699,0.027115549609987993,-0.005054863574896206,-0.035309369838146434,0.05423109921997907,-0.06824722453798883,-0.38600139179910936,-0.3026892362694698,0.02380029827256757,0.0,-0.3126379391423322,-1.2700539060161449,0.03642691061352916,-0.05538745779096511,0.0,0.0056191933575101315,0.4123670720168842,-0.05681867208966363,0.0,-0.016940530647579586,0.4270633577674319,-0.15840294983910636,-0.0656310503236098,0.0161506752162635,0.0,0.0,0.29978164743247204,-0.0017821413844323684,-0.002241518025345793,-0.007041281305084939,-0.12196579948126456,-0.02390595667186735,-0.007108468440709112,-0.04041141449350551,-0.03330294605279636,0.0,-0.19875680722508657,0.0,-0.286050784774204,-0.039600737459776644,-1.1785459179242712e-15,-0.7377589834114507,0.00512405203932169,-0.26358721747190345,-0.26864208104679965,-0.014696285750523607,0.005054863574896206,0.0,0.0,0.9624697443635541,0.0,0.0,0.0
2,-0.017733195150633527,-0.024036825216455688,0.14643310098996698,0.0026096845289183645,0.014085045292087163,0.0003348607395703733,0.0,0.0030357048474009916,0.0,-4.091330742486995e-05,0.0,0.0012950113576738395,-0.031121581129346737,-0.00021403854769359325,-0.0003582127834329697,0.0029229344775003672,0.03404451560684711,0.0,0.0053885289744263,0.0005639282204684615,-0.029530021609188602,-0.0029229344775003672,0.0017403398029943854,-0.0030295227173943898,0.15738429134286866,0.0,0.0,0.024219194890935866,0.0007624758246184909,0.020360332563931834,0.0,0.0010746373041180617,0.0,-0.0019858915221913523,0.0,0.0,-0.007020918874189259,0.0022169618825247837,0.015136996532180402,-0.0026937045918754387,0.052453442002349304,0.030273993322829887,-0.011451539428329247,-0.0058856386277364265,0.0006566818055018548,-0.02811065770901174,0.0,0.0023803279648065513,-0.0031117082817326614,0.014897651282376592,-0.014980384054564946,0.0,-0.0010746373041174181,-0.026826714398359108,0.009463455014100121,0.0,0.020264209922450104,-0.028591271898986442,-0.0021258054656458363,-0.011073298426957987,0.02065612962813387,0.0,0.0,0.007020918874189259,-6.412882615636654e-05,0.010852033558888826,-0.0012946256810599124,-0.02258852491562097,0.0003328082173758345,-0.0018660827223757406,0.0025901262601245385,0.004456208982500276,0.0,0.04415161360668286,0.0,0.02336851444246558,-0.0005314524186286538,-1.9661022662786423e-09,-0.004028663691205457,-0.000303613794572572,0.030711379094880135,0.028017674503004707,0.001764559466729024,0.0026937045918754387,0.0,0.0,-0.028913092964918036,0.0,0.0,0.0
3,0.00969087272631755,0.015410114265563553,0.0026096845289183645,0.19472569139680862,0.0005681258600823372,-0.007554653896088891,0.0,-0.004032048461729258,0.0,-0.00027363761475701734,0.0,-0.0006010062415749529,0.0277506586353586,0.0005547700618489562,-0.00048185027320420544,0.005066914449484372,-0.02268374418587421,0.0,-0.00031492507321880843,0.00045607866405839227,-0.01886485821685092,-0.005066914449484372,0.00038944355434003704,0.004925760858644787,0.5532354353656436,0.0,0.0,-0.000984993191419965,0.002862614596772313,0.006173711166638699,0.0,0.002771500406374559,0.0,0.0023541932609018805,0.0,0.0,-0.01492264893710193,0.0010428423256708954,-0.0006156207446363226,0.0011933691899806346,0.004688581850700668,-0.0012312414892721997,0.009713278983053446,-0.00675880288402594,0.007947023573586122,0.006245577388465239,0.0,0.021105001660750453,0.004734991189940691,-0.007818180577562171,0.0015509375276589181,0.0,-0.0027715004063802212,0.03564678292517983,-0.02027135401258604,0.0,0.004223913413777203,0.0222151672232579,0.004883247373201139,0.009394060112425832,-0.004623958276833172,0.0,0.0,0.01492264893710193,-0.00013146466742717635,-0.002313809505487331,0.12129947870764536,0.008500709566215073,-5.7551748468243294e-05,0.0005669672334587802,0.005124466197952624,0.004557498964493842,0.0,-0.018659399633709994,0.0,-0.01766361302842114,0.001220811843303994,5.643615533082303e-16,-0.023151143558359726,-0.0007229430227369776,-0.01848092634996642,-0.01728755715998578,0.013431615701927045,-0.0011933691899806346,0.0,0.0,0.006713489753582923,0.0,0.0,0.0
4,0.0071729467212953615,0.10279574960645897,0.014085045292087163,0.0005681258600823372,2.7518948208011236,0.031859653719473954,0.0,0.00908935849369558,0.0,0.0007014878604499689,0.0,-0.003036468926202948,0.22397924369085886,-0.026403973898571697,0.02943697595759345,0.012684968539955072,-0.2112942751509037,0.0,0.02160059448735884,-1.0058490212269345e-05,0.38080889470700197,-0.012684968539955072,0.0018961015023825562,-0.008905567457191505,-0.17052478521332615,0.0,0.0,-0.13278922620156916,0.00869390728097443,0.28502327752779394,0.0,-0.11736868322661294,0.0,-0.0074381157578963285,0.0,0.0,0.27123976605978567,-0.02041316080703775,-0.0829932663759808,0.022568424316607594,0.03687645393921343,-0.16598653275195635,0.012583260761625782,0.09340099868062113,-0.009144795861191168,0.20631714871572596,0.0,-0.04309761200396143,-0.05512853202956436,0.03830441463634066,0.13196394089028501,0.0,0.11736868322660672,0.0066627679962325895,0.08475516841398023,0.0,0.06244496125512354,0.04131707199944963,-0.05556688810844237,0.011533924449464352,0.005512021818659687,0.0,0.0,-0.27123976605978567,0.0037796730108030927,-1.709359693752032,0.001007680693098644,-0.004684824893865163,0.01056964089981082,0.015483035307013162,0.002115327640144258,-0.013367707666868903,0.0,-0.5338527910135525,0.0,-0.22868556269537837,-0.013891722027112705,3.2994235250803783e-15,0.31410367025855407,0.0003194098385484803,-0.21988043276954677,-0.19731200845293922,-0.03465430400321414,-0.022568424316607594,0.0,0.0,0.08232152158011444,0.0,0.0,0.0
5,0.028743262157633283,0.2327171503266513,0.0003348607395703733,-0.007554653896088891,0.031859653719473954,1.4406894875264062,0.0,-0.0029691652961934415,0.0,-0.009733275372250477,0.0,-0.0133241476178146,-0.17570607451397155,-0.01980211477067058,0.011797586939494977,-0.002855400048109589,0.17285067446586208,0.0,-0.0054777022385246975,0.0013672946681333902,0.2958178511351184,0.002855400048109589,-0.03304602687589219,0.0012550075222817051,-2.706440688523815,0.0,0.0,0.032028517388702715,-0.021895579882513033,-0.010245033757061772,0.0,-0.026408381730660194,0.0,0.0013787027280274667,0.0,0.0,-0.14141016043748023,0.11412134121090149,0.020017823367936012,-0.014772280878538305,0.0338162654286118,0.04003564673587853,0.05726829455450106,-0.308575142013919,0.9461919316201508,-0.06907905058701777,0.0,0.7995219033924271,0.1718019740031059,-0.0007649280649108205,-0.18899733382557624,0.0,0.02640838173067668,-0.08997843157649554,0.03975710188850704,0.0,0.01305661152025064,0.04695832127897442,-0.08457502587697574,0.053996767749995324,-0.03159866220574289,0.0,0.0,0.14141016043748023,-0.000734246782433081,0.019753549251064324,0.005909944841149813,0.007679634920435763,-0.014170370293235325,-0.011102531419454501,0.011314970245125743,0.022417501664580272,0.0,0.1854823632353497,0.0,0.11105521222465271,-0.02114375646924156,2.6957370439410036e-15,-0.38960006376756956,-0.00014913595726431114,0.17395654603087946,0.15918426515234113,-0.1369367528554888,0.014772280878538305,0.0,0.0,0.5414558771852298,0.0,0.0,0.0
6,0.0,0.0,0.0,0.0,0.0,0.0,0.0,0.0,0.0,0.0,0.0,0.0,0.0,0.0,0.0,0.0,0.0,0.0,0.0,0.0,0.0,0.0,0.0,0.0,0.0,0.0,0.0,0.0,0.0,0.0,0.0,0.0,0.0,0.0,0.0,0.0,0.0,0.0,0.0,0.0,0.0,0.0,0.0,0.0,0.0,0.0,0.0,0.0,0.0,0.0,0.0,0.0,0.0,0.0,0.0,0.0,0.0,0.0,0.0,0.0,0.0,0.0,0.0,0.0,0.0,0.0,0.0,0.0,0.0,0.0,0.0,0.0,0.0,0.0,0.0,0.0,0.0,0.0,0.0,0.0,0.0,0.0,0.0,0.0,0.0,0.0,0.0,0.0,0.0,0.0
7,0.01372568420113313,0.04638703172931949,0.0030357048474009916,-0.004032048461729258,0.00908935849369558,-0.0029691652961934415,0.0,0.13021307767762264,0.0,-0.00032968100114989535,0.0,-0.0021799608686448604,0.0591676500929939,0.00026379647714429706,0.0008954722499834246,0.009661862308570256,-0.04950578778442365,0.0,-0.004015969251978106,0.000565785167095067,-0.015271500885813331,-0.009661862308570256,0.0003612003518199223,0.013112046393453307,0.9013151118559661,0.0,0.0,0.00462728974831857,0.007096228082108937,0.0011753807297065395,0.0,-0.01454544413584243,0.0,0.00636637267765422,0.0,0.0,0.006756963625830765,0.0024746418181032896,0.0028920560926999697,-0.00025734388776232475,0.00785949925464055,0.005784112185398944,0.013370610447687701,-0.006542531936938185,0.006479873312382375,0.019356458100440732,0.0,0.024484183463550694,0.013241611989869232,-0.004000064354406533,0.022771377609257175,0.0,0.01454544413583926,0.06907768232776498,-0.0006333874553929971,0.0,0.01274360919789634,0.050743691175446325,0.023652191479308353,0.012855018432797197,-0.004063821892562866,0.0,0.0,-0.006756963625830765,-0.00020474772776407627,-0.004078755329885786,0.0016383226704268395,0.018774451019021244,0.0028137025341330637,2.4160599681375316e-06,0.006848159774437191,0.006845743714469052,0.0,-0.028274889987769298,0.0,-0.02619284857318512,0.005913047869826256,4.3628298628171947e-16,-0.04379519641333481,-0.0010385477131609896,-0.03743228910413135,-0.03768963299189368,0.018333991152321375,0.00025734388776232475,0.0,0.0,0.041294652566870704,0.0,0.0,0.0
8,0.0,0.0,0.0,0.0,0.0,0.0,0.0,0.0,0.0,0.0,0.0,0.0,0.0,0.0,0.0,0.0,0.0,0.0,0.0,0.0,0.0,0.0,0.0,0.0,0.0,0.0,0.0,0.0,0.0,0.0,0.0,0.0,0.0,0.0,0.0,0.0,0.0,0.0,0.0,0.0,0.0,0.0,0.0,0.0,0.0,0.0,0.0,0.0,0.0,0.0,0.0,0.0,0.0,0.0,0.0,0.0,0.0,0.0,0.0,0.0,0.0,0.0,0.0,0.0,0.0,0.0,0.0,0.0,0.0,0.0,0.0,0.0,0.0,0.0,0.0,0.0,0.0,0.0,0.0,0.0,0.0,0.0,0.0,0.0,0.0,0.0,0.0,0.0,0.0,0.0
9,0.0005398730387860175,0.004747582877683517,-4.091330742486995e-05,-0.00027363761475701734,0.0007014878604499689,-0.009733275372250477,0.0,-0.00032968100114989535,0.0,0.10455655085946172,0.0,-0.00025912893986133336,-0.0030428629801836403,7.26937463630586e-05,-0.00013351774811785728,0.000209049779781671,0.003251912759965312,0.0,-0.00022774885861620057,4.877520954671363e-05,0.007428297885137474,-0.000209049779781671,-0.0004950736264480209,0.00038802342885115585,-0.03408057244989822,0.0,0.0,0.00047066222990516137,-9.903827641653994e-05,-0.0005417207656076554,0.0,0.0010102649709256713,0.0,0.00020890975129195767,0.0,0.0,-0.0035293797255115267,0.0018549172953017344,0.0002941638936906687,-0.0007762615718863754,0.0003426656837286713,0.0005883277873812723,0.0008236296827569099,-0.005542336928810387,-0.018902076391857675,0.00030528637545296575,0.0,0.0810446403126957,0.0013227046162849667,-0.0005477924116911488,-0.002432446826129664,0.0,-0.0010102649709164634,-0.0030985135256386366,0.00042303580777364294,0.0,-0.0005908206327454247,0.0015113206292695512,-0.0018775748101726478,0.0007707737737721796,-0.00033082325900434667,0.0,0.0,0.0035293797255115267,1.8500239754512517e-05,0.0007321198915315769,0.00024179726771793653,0.0006416982604805388,-2.8615131392077912e-05,-0.0003374613972508319,0.0002376649111737565,0.0005751263084245925,0.0,0.004508578552173994,0.0,0.003270173468210877,-0.00046939370254470153,9.365182997579307e-17,-0.004103430531535754,8.163180610189916e-05,0.003721567994918365,0.0029453064230319926,-0.004609834154917471,0.0007762615718863754,0.0,0.0,0.010680121648876753,0.0,0.0,0.0
10,0.0,0.0,0.0,0.0,0.0,0.0,0.0,0.0,0.0,0.0,0.0,0.0,0.0,0.0,0.0,0.0,0.0,0.0,0.0,0.0,0.0,0.0,0.0,0.0,0.0,0.0,0.0,0.0,0.0,0.0,0.0,0.0,0.0,0.0,0.0,0.0,0.0,0.0,0.0,0.0,0.0,0.0,0.0,0.0,0.0,0.0,0.0,0.0,0.0,0.0,0.0,0.0,0.0,0.0,0.0,0.0,0.0,0.0,0.0,0.0,0.0,0.0,0.0,0.0,0.0,0.0,0.0,0.0,0.0,0.0,0.0,0.0,0.0,0.0,0.0,0.0,0.0,0.0,0.0,0.0,0.0,0.0,0.0,0.0,0.0,0.0,0.0,0.0,0.0,0.0
11,0.0019425473845071431,-0.07241762318033437,0.0012950113576738395,-0.0006010062415749529,-0.003036468926202948,-0.0133241476178146,0.0,-0.0021799608686448604,0.0,-0.00025912893986133336,0.0,0.3020454978896424,0.0018394939508001077,0.0039623992309932516,-0.0029199735642403916,-0.002766932489919785,-0.004606426440719888,0.0,-0.005867370593861561,0.0030930853536317916,-0.005114571911999636,0.002766932489919785,0.2624229308299514,7.352750309996701e-06,-0.08417037613201551,0.0,0.0,-0.0013497566836128453,-0.016212122696109627,0.0005022771237743174,0.0,0.0011136043259311408,0.0,0.0015589037031488709,0.0,0.0,0.02733730120153508,-0.0017230620136595013,-0.0008435979272577114,0.00021942693908526625,-0.0016004255639111998,-0.001687195854513759,0.003946802700729609,0.06751579508090656,0.01614465287314361,0.01435895263236985,0.0,0.019114424567011627,0.03293429207686888,-0.00425126111835461,0.01711097832508816,0.0,-0.0011136043259330631,-0.010014530612507034,-0.0018564277526918963,0.0,0.010238194392971066,-0.013243431246236658,0.01617489006096731,0.003858354517324612,-0.004709479874426936,0.0,0.0,-0.02733730120153508,-4.1193798855316604e-05,0.00016971539617339349,0.0005494730031301804,0.00048290718542592356,0.0006205659560443228,0.0004853754248330452,-0.003387498445964105,-0.0038728738707971494,0.0,9.452961409704412e-05,0.0,0.005085061296992053,0.0040437225152417395,2.415735233957908e-16,0.03959597722935496,0.0023787976526549377,-0.0022202760377549517,-0.0020008490986696886,0.0032289006337312964,-0.00021942693908526625,0.0,0.0,-0.042712231737194864,0.0,0.0,0.0
12,-0.06918975685718792,0.11202927111915342,-0.031121581129346737,0.0277506586353586,0.22397924369085886,-0.17570607451397155,0.0,0.0591676500929939,0.0,-0.0030428629801836403,0.0,0.0018394939508001077,9.68395369415488,-0.08572643331871291,0.07413926434569498,0.020438765851726777,-9.663514928303153,0.0,-0.0798822051343442,-0.0012807936115073388,-8.46522127130902,-0.020438765851726777,0.0015586781889629366,0.1016017645975783,2.8161390596437754,0.0,0.0,0.05299943334495439,-0.02616038721990817,-0.13922244581954293,0.0,0.00318917266746229,0.0,-0.042163526563663276,0.0,0.0,0.4127392380880784,-0.07804081126567536,0.03312464584059657,-0.01760347464704807,-0.0402595019538955,0.06624929168119137,-0.11799670975814885,0.23563447933999243,0.1776053476274605,0.03425774273636511,8.595866115721645,0.26889230469133396,-0.25542934086182595,0.032804718521896495,0.12538532522767223,0.0,-0.0031891726674928866,0.20991135239875935,-0.00999052955360258,0.0,-0.09429485431073945,0.1155815323547023,-0.2923856715052264,-0.11293461070708584,0.08962852270891468,0.0,0.0,-0.4127392380880784,0.007893008079836115,-0.028722614078469128,-0.017755154290671062,0.09541934302919389,0.013838481992054515,-0.014004355313688583,0.00660028385967227,0.020604639173360778,0.0,-9.18908072890452,0.0,-9.298982683155542,-0.07309641787629023,2.385039517193022e-16,0.7805565764519918,0.039928107938157584,-9.521985055767415,-9.539588530414472,0.09432982004408724,0.01760347464704807,0.0,0.0,-8.83359600550838,0.0,0.0,0.0
13,-0.002072535005086491,-0.045275951908702594,-0.00021403854769359325,0.0005547700618489562,-0.026403973898571697,-0.01980211477067058,0.0,0.00026379647714429706,0.0,7.26937463630586e-05,0.0,0.0039623992309932516,-0.08572643331871291,1.2860788587012504,-1.2324294344175568,-0.003242581951969832,0.08248385136674304,0.0,-0.0010543359362406763,-6.106101164360666e-05,-0.019656390917852783,0.003242581951969832,0.0023282520910264237,-0.0021271850040855173,-0.05065750367466006,0.0,0.0,-0.009017726390868428,-0.010600594900517344,0.016121694164416115,0.0,0.06047100715314368,0.0,-0.00012290827785632163,0.0,0.0,-0.06277039102716292,-0.024395047833096758,-0.0056360789942928495,-0.0012067895244703328,0.0036194904202232372,-0.011272157988584398,0.0001782780352636828,0.05113174356625519,0.04033158094918294,0.09174549739025084,0.0,-0.006188051212065061,-0.013395730273155442,-0.014584550907843613,0.03207006595136388,0.0,-0.06047100715314613,0.0014620135379950537,-0.07383649415693043,0.0,-0.04783732086607939,0.04805433944560658,0.07637074118144188,5.1166156474183455e-05,-0.001170046946883355,0.0,0.0,0.06277039102716292,-0.0013702734645777055,0.008511397421775582,-0.0002320456985267548,-0.004492082302565103,0.000690525622435121,-0.0009244080519620207,-0.003933107574404974,-0.0030086995224429297,0.0,0.06148578698008066,0.0,0.08525722989229624,0.019092685295356543,-6.626438415956315e-16,0.0023682208339664756,-0.0017781218376930925,0.0785785445249644,0.07737175500049417,-0.046592325907608395,0.0012067895244703328,0.0,0.0,-0.012079356274246843,0.0,0.0,0.0
14,0.001627311786232506,0.03542081157717043,-0.0003582127834329697,-0.00048185027320420544,0.02943697595759345,0.011797586939494977,0.0,0.0008954722499834246,0.0,-0.00013351774811785728,0.0,-0.0029199735642403916,0.07413926434569498,-1.2324294344175568,1.2879237523898177,0.00341324519231472,-0.07072601915338028,0.0,0.00265604954199689,0.00010050407021818458,0.015325200133133623,-0.00341324519231472,-0.0012249292511177254,0.0006566915800996154,0.1458929799148897,0.0,0.0,0.010591353814198743,0.007455824867528307,-0.017676875263052706,0.0,-0.06071854408731444,0.0,-0.0007387612508044244,0.0,0.0,0.008033892452176568,0.0165540494768097,0.0066195961338744854,0.0013777066041499807,-0.0026947954676822426,0.013239192267748369,-0.000304152826701651,-0.026428110672863766,-0.02904764254723764,-0.13452811934359352,0.0,0.012011975472654948,0.008558192254874253,0.015557165347134716,-0.07162172420038924,0.0,0.06071854408731675,0.00313377434531246,0.08238835794442109,0.0,0.045115368722814464,-0.03805936142269832,-0.11718710687292648,-0.00021184222320048181,0.0017859334060822175,0.0,0.0,-0.008033892452176568,0.0012677205572532689,-0.007742115243674157,0.00021952271782609432,0.0029190738095529497,-0.0030547826743328515,0.001421152122239527,0.006468027866647603,0.0050468757444080475,0.0,-0.05717919727188213,0.0,-0.09768596282346148,-0.029296776718225486,5.654993269409303e-16,-0.0014642573927538041,0.0011652200412532489,-0.06890410753202737,-0.06752640092787743,0.041193135768007906,-0.0013777066041499807,0.0,0.0,0.0027858680640338723,0.0,0.0,0.0
15,0.03435197005921294,-0.06431737116537281,0.0029229344775003672,0.005066914449484372,0.012684968539955072,-0.002855400048109589,0.0,0.009661862308570256,0.0,0.000209049779781671,0.0,-0.002766932489919785,0.020438765851726777,-0.003242581951969832,0.00341324519231472,0.09258501322542168,0.07214624737369493,0.0,0.07309654706252942,0.010005574115209597,-0.028926905754940026,-0.09258501322542168,0.013040536779833977,0.00948289204768268,5.230331736563769,0.0,0.0,-0.006934982877894884,0.04809509678983123,-0.0072088367921994455,0.0,-0.02917921606838037,0.0,-0.006641219638251962,0.0,0.0,0.029561173623865886,0.01621570726648058,-0.00433436429868392,-0.007123200741676796,-0.006775754741684428,-0.008668728597367305,-0.017616968697646736,-0.05992790150683717,0.0004274084705908939,-0.01381531616779455,0.0,-0.015366098150886841,-0.030997464690917232,0.004791058532165672,-0.031958225951902765,0.0,0.029179216068378377,-0.09203202733758847,0.02620783605187712,0.0,-0.024343487355152876,-0.07602947093633014,-0.016075943902158326,-0.0169170137115176,0.058233043166208746,0.0,0.0,-0.029561173623865886,0.001371888043067882,0.004636004178572112,-0.0024171660842416025,0.039035595148458425,0.018678879515989993,-0.006292174108024342,0.07390613370943172,0.08019830781745606,0.0,0.03670878311009607,0.0,0.028493161270586792,-0.004018985975537583,9.941398114174802e-16,0.09218764641861193,-0.007426758193156205,0.07420238122822141,0.06707918048654461,-0.016002556401257056,0.007123200741676796,0.0,0.0,-0.0793122794550311,0.0,0.0,0.0
16,0.10354172691640084,-0.17634664228452615,0.03404451560684711,-0.02268374418587421,-0.2112942751509037,0.17285067446586208,0.0,-0.04950578778442365,0.0,0.003251912759965312,0.0,-0.004606426440719888,-9.663514928303153,0.08248385136674304,-0.07072601915338028,0.07214624737369493,9.735661175676855,0.0,0.15297875219687362,0.011286367726716935,8.43629436555408,-0.07214624737369493,0.011481858590871046,-0.09211887254989559,2.4141926769199937,0.0,0.0,-0.059934416222849236,0.07425548400973939,0.13201360902734346,0.0,-0.03236838873584267,0.0,0.03552230692541131,0.0,0.0,-0.3831780644642125,0.09425651853215591,-0.03745901013928052,0.010480273905371273,0.03348374721221107,-0.07491802027855855,0.1003797410605021,-0.29556238084682945,-0.17717793915686955,-0.048073058904159645,-8.595866115721645,-0.28425840284222076,0.2244318761709087,-0.02801365998973081,-0.157343551179575,0.0,0.03236838873587127,-0.30194337973634783,0.036198365605479746,0.0,0.06995136695558658,-0.1916110032910324,0.2763097276030681,0.09601759699556826,-0.03139547954270594,0.0,0.0,0.3831780644642125,-0.0065211200367682265,0.033358618257041235,0.015337988206429468,-0.056383747880735476,0.004840397523935471,0.0077121812056642385,0.06730584984975943,0.05959366864409526,0.0,9.225789512014616,0.0,9.327475844426129,0.06907743190075272,6.205232258429794e-16,-0.6883689300333795,-0.04735486613131379,9.59618743699564,9.60666771090101,-0.11033237644534426,-0.010480273905371273,0.0,0.0,8.754283726053352,0.0,0.0,0.0
17,0.0,0.0,0.0,0.0,0.0,0.0,0.0,0.0,0.0,0.0,0.0,0.0,0.0,0.0,0.0,0.0,0.0,0.0,0.0,0.0,0.0,0.0,0.0,0.0,0.0,0.0,0.0,0.0,0.0,0.0,0.0,0.0,0.0,0.0,0.0,0.0,0.0,0.0,0.0,0.0,0.0,0.0,0.0,0.0,0.0,0.0,0.0,0.0,0.0,0.0,0.0,0.0,0.0,0.0,0.0,0.0,0.0,0.0,0.0,0.0,0.0,0.0,0.0,0.0,0.0,0.0,0.0,0.0,0.0,0.0,0.0,0.0,0.0,0.0,0.0,0.0,0.0,0.0,0.0,0.0,0.0,0.0,0.0,0.0,0.0,0.0,0.0,0.0,0.0,0.0
18,0.03742231728803587,0.027822357300503416,0.0053885289744263,-0.00031492507321880843,0.02160059448735884,-0.0054777022385246975,0.0,-0.004015969251978106,0.0,-0.00022774885861620057,0.0,-0.005867370593861561,-0.0798822051343442,-0.0010543359362406763,0.00265604954199689,0.07309654706252942,0.15297875219687362,0.0,0.247991081343667,-0.010261802525462008,-0.03590271591522633,-0.07309654706252942,0.011631750416557358,-0.1646327317556756,4.5133515080992055,0.0,0.0,-0.0003297787474725934,0.04212861774394118,-0.006592647751646881,0.0,-0.03870782835564661,0.0,0.003302677629343962,0.0,0.0,0.032015099584470436,0.009061879159943206,-0.00020611171717034406,-0.003992672304230049,0.001709425951412302,-0.00041222343433744603,0.0015586680345798824,-0.04772862298830547,0.00763287962505871,0.022390390017387813,0.0,0.016356495901024747,0.0054563141732863595,-0.0019214132399856688,0.005023923236158898,0.0,0.0387078283556417,0.04638925333737237,0.011591661471242787,0.0,0.005134111849435626,0.037437888202790946,0.024014901251087396,0.0015613231390690138,0.035674229774493554,0.0,0.0,-0.032015099584470436,0.0005965358951306083,-0.0004500215918859841,0.00013349000969864724,-0.13772524391872276,0.015169030579950801,-0.003194337335642286,0.05792751648257861,0.061121853818220905,0.0,-0.0042295376897191084,0.0,-0.01041380507726566,0.006003725312774625,-9.445774588968803e-16,0.00765786383539539,-0.004624096714251317,-0.016278076273053305,-0.020270748577283348,0.008951365134587384,0.003992672304230049,0.0,0.0,0.024327306339207516,0.0,0.0,0.0
19,0.00465911192816958,0.0002248987608226891,0.0005639282204684615,0.00045607866405839227,-1.0058490212269345e-05,0.0013672946681333902,0.0,0.000565785167095067,0.0,4.877520954671363e-05,0.0,0.0030930853536317916,-0.0012807936115073388,-6.106101164360666e-05,0.00010050407021818458,0.010005574115209597,0.011286367726716935,0.0,-0.010261802525462008,0.02553301498694638,0.0019142311545278286,-0.010005574115209597,-0.007617997057526259,-0.005265638346274776,0.5638768312723439,0.0,0.0,-5.4612480095805225e-05,-4.568847129164368e-05,-0.0031404576029614795,0.0,-2.741538448320003e-05,0.0,-0.0003636493027601365,0.0,0.0,-0.00028556287044880223,0.009456926769266818,-3.413280005979195e-05,-0.0006173027439623889,-0.003223208836218767,-6.826560011842247e-05,-0.001306905738248138,-0.0008202830313442013,-0.0021389343952332557,-0.0010503233598912639,0.0,-0.004043181537279732,-0.003730659446238872,-0.0014306370686969403,-0.0017860362533949187,0.0,2.741538448079263e-05,-0.007011989748781343,0.0011289894657513743,0.0,-0.0018290756188787032,-0.005058967397189637,-0.0015327641242879368,-0.0012294428988116853,0.005346462187040018,0.0,0.0,0.00028556287044880223,3.491420492115479e-05,0.0009161365592271347,-0.00013783851637046924,-0.0017921554916307998,0.0022563277056543434,-0.0005015673671434333,0.007749246409555256,0.00825081377669869,0.0,0.0018972821162743577,0.0,0.001828259036198993,-0.00038319103106974206,1.4706804718183887e-15,0.0010870522171409053,-0.00026341195205829225,0.00575731742838387,0.005140014684421478,-0.0019530223515907398,0.0006173027439623889,0.0,0.0,-0.001552738333823041,0.0,0.0,0.0
20,0.011503818461776975,0.42368573585557373,-0.029530021609188602,-0.01886485821685092,0.38080889470700197,0.2958178511351184,0.0,-0.015271500885813331,0.0,0.007428297885137474,0.0,-0.005114571911999636,-8.46522127130902,-0.019656390917852783,0.015325200133133623,-0.028926905754940026,8.43629436555408,0.0,-0.03590271591522633,0.0019142311545278286,15.093025309212843,0.028926905754940026,-0.045470750083395454,0.005061579005758387,-5.695757034888457,0.0,0.0,0.2081053991733245,-0.033698721393992985,-0.2864944053941349,0.0,-0.24582822827421577,0.0,0.006339809165758957,0.0,0.0,-2.469455880024963,1.7003615785229949,0.1300658744833284,-0.01900676886229711,0.02846145159281892,0.2601317489666568,0.0721986657831153,0.07114601001013908,-0.262181166439519,1.2626627207357657,-8.595866115721662,-0.5687865839385716,0.060455154222337285,0.0574656912255552,0.6798281727348673,0.0,0.24582822827425024,-0.07385812749672674,-0.018804350648728287,0.0,0.15100827714341614,0.24017558788746438,-2.94534604481905,0.06685868804505149,-0.040430724216717034,0.0,0.0,2.469455880024963,-0.0015273520306672756,0.04312122179554476,0.01889471039730956,0.018201250889703143,0.02526268281131197,-0.023175022556027564,-0.05418958856625205,-0.031014566010224384,0.0,8.641902877598826,0.0,7.753788596495954,1.4126300177256028,4.326377111359202e-15,1.8886717205917223,-0.0001662137677661234,8.441189730792066,8.422182961929783,-0.3140337153842258,0.01900676886229711,0.0,0.0,9.394040721183739,0.0,0.0,0.0
21,-0.03435197005921294,0.06431737116537281,-0.0029229344775003672,-0.005066914449484372,-0.012684968539955072,0.002855400048109589,0.0,-0.009661862308570256,0.0,-0.000209049779781671,0.0,0.002766932489919785,-0.020438765851726777,0.003242581951969832,-0.00341324519231472,-0.09258501322542168,-0.07214624737369493,0.0,-0.07309654706252942,-0.010005574115209597,0.028926905754940026,0.09258501322542168,-0.013040536779833977,-0.00948289204768268,-5.230331736563769,0.0,0.0,0.006934982877894884,-0.04809509678983123,0.0072088367921994455,0.0,0.02917921606838037,0.0,0.006641219638251962,0.0,0.0,-0.029561173623865886,-0.01621570726648058,0.00433436429868392,0.007123200741676796,0.006775754741684428,0.008668728597367305,0.017616968697646736,0.05992790150683717,-0.0004274084705908939,0.01381531616779455,0.0,0.015366098150886841,0.030997464690917232,-0.004791058532165672,0.031958225951902765,0.0,-0.029179216068378377,0.09203202733758847,-0.02620783605187712,0.0,0.024343487355152876,0.07602947093633014,0.016075943902158326,0.0169170137115176,-0.058233043166208746,0.0,0.0,0.029561173623865886,-0.001371888043067882,-0.004636004178572112,0.0024171660842416025,-0.039035595148458425,-0.018678879515989993,0.006292174108024342,-0.07390613370943172,-0.08019830781745606,0.0,-0.03670878311009607,0.0,-0.028493161270586792,0.004018985975537583,-9.941398114174802e-16,-0.09218764641861193,0.007426758193156205,-0.07420238122822141,-0.06707918048654461,0.016002556401257056,-0.007123200741676796,0.0,0.0,0.0793122794550311,0.0,0.0,0.0
22,0.009046199637606833,-0.13718976770391725,0.0017403398029943854,0.00038944355434003704,0.0018961015023825562,-0.03304602687589219,0.0,0.0003612003518199223,0.0,-0.0004950736264480209,0.0,0.2624229308299514,0.0015586781889629366,0.0023282520910264237,-0.0012249292511177254,0.013040536779833977,0.011481858590871046,0.0,0.011631750416557358,-0.007617997057526259,-0.045470750083395454,-0.013040536779833977,0.3677849455055658,0.009026783420802886,0.9522844672591916,0.0,0.0,-0.002437358651498701,0.05233191898273793,-0.0007121575714487737,0.0,-0.011679138834004442,0.0,-0.00029206049298546334,0.0,0.0,0.03855133882174509,-0.04170747965465475,-0.0015233491571865685,-0.0014213918662150363,-0.001400623693858524,-0.0030466983143740143,0.0016341083953517737,-0.03131921040742797,0.040917350992936315,0.0070582448943126465,0.0,0.03898145302128758,0.03119243636437512,-0.001646536359020824,0.002557136882435326,0.0,0.011679138833991432,-0.03203395347071425,0.008808774941514044,0.0,0.012485971339605008,-0.0305931291255129,0.010900941722411319,0.001610548416206866,0.003994337142227151,0.0,0.0,-0.03855133882174509,0.0007950832682553694,0.0012712703954210675,0.00023851217103760603,0.014890696849111077,0.002985260256113035,-0.0016113116404142625,0.010055276523720947,0.011666588164135206,0.0,0.014175393820824472,0.0,0.016524799696208046,0.0027252354306032873,-7.392839766302834e-16,0.11378707862363582,-0.005240991158055112,0.015267650853618812,0.013846258987403786,-0.0014408243451875852,0.0014213918662150363,0.0,0.0,-0.10455650699434159,0.0,0.0,0.0
23,-0.007729459156992502,-0.09236462722669891,-0.0030295227173943898,0.004925760858644787,-0.008905567457191505,0.0012550075222817051,0.0,0.013112046393453307,0.0,0.00038802342885115585,0.0,7.352750309996701e-06,0.1016017645975783,-0.0021271850040855173,0.0006566915800996154,0.00948289204768268,-0.09211887254989559,0.0,-0.1646327317556756,-0.005265638346274776,0.005061579005758387,-0.00948289204768268,0.009026783420802886,0.17938126214963307,0.15310339719222005,0.0,0.0,-0.006550591650326505,0.0060121675171817095,0.0025242685624089077,0.0,0.009556027671749455,0.0,-0.009580247964835788,0.0,0.0,-0.002168363090155758,-0.0023030986627294837,-0.0040941197814537925,-0.002513225693484354,-0.005261971856877991,-0.00818823956291145,-0.017868730993978486,-0.01137899548718752,-0.005066536759234562,-0.03515538282529113,0.0,-0.02767941251463187,-0.032723119417964734,0.008143108840848245,-0.03519611293466677,0.0,-0.00955602767174414,-0.1314092909261795,0.01348718511488297,0.0,-0.02764852358570975,-0.10840839174193145,-0.03855808102895777,-0.017248893951774924,0.017212351204675187,0.0,0.0,0.002168363090155758,0.0007404379430161194,0.004169889211230977,-0.0024128175775697896,0.17855299455881196,0.0012535212303848478,-0.0025962694052386113,0.008229370817297833,0.010825640222536435,0.0,0.03904103868354083,0.0,0.03707870731165348,-0.009639520257242474,4.307192005989657e-16,0.08344273036607562,-0.002539249526846596,0.08472314007289088,0.08220991437940647,-0.023000899184253708,0.002513225693484354,0.0,0.0,-0.10208684746041558,0.0,0.0,0.0
24,1.414539444600127,-4.377260806636291,0.15738429134286866,0.5532354353656436,-0.17052478521332615,-2.706440688523815,0.0,0.9013151118559661,0.0,-0.03408057244989822,0.0,-0.08417037613201551,2.8161390596437754,-0.05065750367466006,0.1458929799148897,5.230331736563769,2.4141926769199937,0.0,4.5133515080992055,0.5638768312723439,-5.695757034888457,-5.230331736563769,0.9522844672591916,0.15310339719222005,371.4631192044053,0.0,0.0,-1.1273779023880013,2.9142856991579578,1.6585800415428706,0.0,-2.9027124696972177,0.0,-0.6310679572924971,0.0,0.0,3.818746904353788,0.1500787980158142,-1.0924996474644066,-1.6545299604237742,-0.30537585043889687,-0.6334454610410573,-2.000880097662255,-0.7495015764596505,1.8099910701017934,-0.5821267965163366,0.0,3.1268367920437026,-2.247069451228907,0.9266377003850796,3.409794793077686,0.0,2.351779539261523,-2.1078984992395635,4.503998341160361,0.0,-0.7397839643098834,-3.4588247936313974,1.0342305446938724,-1.9079008834547966,3.8157922919636422,0.0,0.0,-3.818746904353788,0.08429881615635594,-0.2800745786777972,-0.28833498764889354,1.6134259691428765,1.465772756836809,-1.165753467120398,3.7645589797269605,4.930312446847358,0.0,-1.600481326097722,0.0,-0.8070943497212946,0.2585576361735928,1.8662345527860993e-14,5.80683304855602,-0.4254986922228351,2.141797381889378,0.48726742146560353,1.9018592248275208,1.6545299604237742,0.0,0.0,-7.975256552257013,0.0,0.0,0.0
25,0.0,0.0,0.0,0.0,0.0,0.0,0.0,0.0,0.0,0.0,0.0,0.0,0.0,0.0,0.0,0.0,0.0,0.0,0.0,0.0,0.0,0.0,0.0,0.0,0.0,0.0,0.0,0.0,0.0,0.0,0.0,0.0,0.0,0.0,0.0,0.0,0.0,0.0,0.0,0.0,0.0,0.0,0.0,0.0,0.0,0.0,0.0,0.0,0.0,0.0,0.0,0.0,0.0,0.0,0.0,0.0,0.0,0.0,0.0,0.0,0.0,0.0,0.0,0.0,0.0,0.0,0.0,0.0,0.0,0.0,0.0,0.0,0.0,0.0,0.0,0.0,0.0,0.0,0.0,0.0,0.0,0.0,0.0,0.0,0.0,0.0,0.0,0.0,0.0,0.0
26,0.0,0.0,0.0,0.0,0.0,0.0,0.0,0.0,0.0,0.0,0.0,0.0,0.0,0.0,0.0,0.0,0.0,0.0,0.0,0.0,0.0,0.0,0.0,0.0,0.0,0.0,0.0,0.0,0.0,0.0,0.0,0.0,0.0,0.0,0.0,0.0,0.0,0.0,0.0,0.0,0.0,0.0,0.0,0.0,0.0,0.0,0.0,0.0,0.0,0.0,0.0,0.0,0.0,0.0,0.0,0.0,0.0,0.0,0.0,0.0,0.0,0.0,0.0,0.0,0.0,0.0,0.0,0.0,0.0,0.0,0.0,0.0,0.0,0.0,0.0,0.0,0.0,0.0,0.0,0.0,0.0,0.0,0.0,0.0,0.0,0.0,0.0,0.0,0.0,0.0
27,0.0014630101562426198,0.04338487937598295,0.024219194890935866,-0.000984993191419965,-0.13278922620156916,0.032028517388702715,0.0,0.00462728974831857,0.0,0.00047066222990516137,0.0,-0.0013497566836128453,0.05299943334495439,-0.009017726390868428,0.010591353814198743,-0.006934982877894884,-0.059934416222849236,0.0,-0.0003297787474725934,-5.4612480095805225e-05,0.2081053991733245,0.006934982877894884,-0.002437358651498701,-0.006550591650326505,-1.1273779023880013,0.0,0.0,1.3310698833760415,-0.002204008855163233,-0.3940590269139723,0.0,-0.06652498459658723,0.0,-0.0032243216904592103,0.0,0.0,0.12813235889702973,-0.008228530790546211,-0.2425645873551584,0.01609723494345508,-0.8736835826750678,-0.4851291747103157,0.02928063006617775,0.060224700860850924,-0.0094841928488221,0.09739203724433775,0.0,-0.03620337227492486,-0.01830311020100108,0.008217679875536711,0.04968332140627911,0.0,0.06652498459658705,-0.01643094106254182,0.050773788198727084,0.0,0.007426629738150328,0.010758900593464994,-0.018292083589043166,0.027241679605067196,-0.008397993034137493,0.0,0.0,-0.12813235889702973,0.001577397547327483,-0.0033495488771413924,-0.0013198647956983848,-0.00433142852595249,0.0010097827980551052,0.011329557159264304,-0.00794476567594999,-0.019274322835214297,0.0,-0.16485593502491944,0.0,-0.05699857047768241,-0.004573020897261039,1.2755956303555923e-15,0.15365057735877233,0.001438982245513154,-0.06504602562766261,-0.04894879068420754,-0.027189841656007976,-0.01609723494345508,0.0,0.0,0.05227161083098968,0.0,0.0,0.0
28,0.01756670157441678,-0.07499177022303981,0.0007624758246184909,0.002862614596772313,0.00869390728097443,-0.021895579882513033,0.0,0.007096228082108937,0.0,-9.903827641653994e-05,0.0,-0.016212122696109627,-0.02616038721990817,-0.010600594900517344,0.007455824867528307,0.04809509678983123,0.07425548400973939,0.0,0.04212861774394118,-4.568847129164368e-05,-0.033698721393992985,-0.04809509678983123,0.05233191898273793,0.0060121675171817095,2.9142856991579578,0.0,0.0,-0.002204008855163233,0.19124830496892609,-0.004442988328244077,0.0,-0.01800282961769656,0.0,-0.0050383544829510464,0.0,0.0,-0.041849626639198806,-0.02237053971790475,-0.0013775055344763829,-0.0029323040193005023,-0.001707627228766972,-0.0027550110689549836,-0.00902275059585148,-0.028478633064168146,0.028945788206293867,-0.044548215746434215,0.0,0.009530442231854206,-0.019112782113268587,0.004912296426887002,-0.060888085272060015,0.0,0.018002829617680616,-0.043263184247501495,0.021553234935631427,0.0,-0.014616751783513978,-0.02394687654947838,-0.043995993544474095,-0.008745351627634288,0.030528395215414447,0.0,0.0,0.041849626639198806,0.001790599623452312,0.004332950504589002,-0.0012248066290902596,0.021119230488486705,0.0066882777242611114,-0.0035062711648539855,0.04140681906557013,0.04491309023042411,0.0,0.038581739705531325,0.0,0.01730996487117315,-0.010998998386118248,-7.28789122185347e-17,0.08546729406870064,-0.022938518567000955,0.05732913295992013,0.05439682894061963,-0.01931630769800697,0.0029323040193005023,0.0,0.0,-0.07478824463828589,0.0,0.0,0.0
29,-0.03797985883726565,-0.10225560105042109,0.020360332563931834,0.006173711166638699,0.28502327752779394,-0.010245033757061772,0.0,0.0011753807297065395,0.0,-0.0005417207656076554,0.0,0.0005022771237743174,-0.13922244581954293,0.016121694164416115,-0.017676875263052706,-0.0072088367921994455,0.13201360902734346,0.0,-0.006592647751646881,-0.0031404576029614795,-0.2864944053941349,0.0072088367921994455,-0.0007121575714487737,0.0025242685624089077,1.6585800415428706,0.0,0.0,-0.3940590269139723,-0.004442988328244077,2.7785062478145037,0.0,-0.5171974681462106,0.0,0.0012545155346826418,0.0,0.0,0.4548069122818315,0.0007288536315850521,-0.2462868918212349,-0.027920277050774156,2.051534710620829,-0.4925737836424658,-0.015379894366943609,-0.05855290850174956,0.031842108953107115,-0.1539446597727759,0.0,0.04384509299567607,0.02170726177526376,-0.132505667952372,-0.06253825396702918,0.0,-0.09651861789116431,-0.038461196564987005,-0.026317165166573623,0.0,-0.1276596374962021,-0.05100590137316509,0.03142411334580563,-0.015554838626475942,0.03077102204506618,0.0,0.0,-0.4548069122818315,-0.0024137599986822824,-0.049141320947606336,-0.00993171665430377,0.03691036709187741,-0.0010741008937672576,-0.019260028777794647,-0.006134735898432203,0.01312529287936247,0.0,0.3156530100069433,0.0,0.13603364356812123,0.00785602833644043,-1.2716939844476698e-17,-0.17993043307870965,0.00015139603682360855,0.134689273626576,0.10676899657580186,0.6262607908455587,0.027920277050774156,0.0,0.0,-0.09309304408333108,0.0,0.0,0.0
30,0.0,0.0,0.0,0.0,0.0,0.0,0.0,0.0,0.0,0.0,0.0,0.0,0.0,0.0,0.0,0.0,0.0,0.0,0.0,0.0,0.0,0.0,0.0,0.0,0.0,0.0,0.0,0.0,0.0,0.0,0.0,0.0,0.0,0.0,0.0,0.0,0.0,0.0,0.0,0.0,0.0,0.0,0.0,0.0,0.0,0.0,0.0,0.0,0.0,0.0,0.0,0.0,0.0,0.0,0.0,0.0,0.0,0.0,0.0,0.0,0.0,0.0,0.0,0.0,0.0,0.0,0.0,0.0,0.0,0.0,0.0,0.0,0.0,0.0,0.0,0.0,0.0,0.0,0.0,0.0,0.0,0.0,0.0,0.0,0.0,0.0,0.0,0.0,0.0,0.0
